Header:Employee;102;4;EmpId-0,EmpName-1,EmpSalary-0,EmpDeptId-0
1001;Raju;30000;5
1002;Raghu;40000;6
1003;Srinivas;50000;4
1004;Reddy;60000;5
1005;Raghu;40000;6
1006;Srinivas;50000;4
1007;Reddy;60000;5
1008;Raghu;40000;6
1009;Srinivas;50000;4
1010;Reddy;60000;5
1011;Raghu;40000;6
1012;Srinivas;50000;4
1013;Reddy;60000;5
1014;Raghu;40000;6
1015;Srinivas;50000;4
1016;Reddy;60000;5
1009;Srinivas;50000;4
1010;Reddy;60000;5
1011;Raghu;40000;6
1012;Srinivas;50000;4
1013;Reddy;60000;5
1014;Raghu;40000;6
1015;Srinivas;50000;4
1016;Reddy;60000;5
1009;Srinivas;50000;4
1010;Reddy;60000;5
1011;Raghu;40000;6
1012;Srinivas;50000;4
1013;Reddy;60000;5
1014;Raghu;40000;6
1015;Srinivas;50000;4
1016;Reddy;60000;5
1009;Srinivas;50000;4
1010;Reddy;60000;5
1011;Raghu;40000;6
1012;Srinivas;50000;4
1013;Reddy;60000;5
1014;Raghu;40000;6
1015;Srinivas;50000;4
1016;Reddy;60000;5
1009;Srinivas;50000;4
1010;Reddy;60000;5
1011;Raghu;40000;6
1012;Srinivas;50000;4
1013;Reddy;60000;5
1014;Raghu;40000;6
1015;Srinivas;50000;4
1016;Reddy;60000;5
1009;Srinivas;50000;4
1010;Reddy;60000;5
1011;Raghu;40000;6
1012;Srinivas;50000;4
1013;Reddy;60000;5
1014;Raghu;40000;6
1015;Srinivas;50000;4
1016;Reddy;60000;5
1009;Srinivas;50000;4
1010;Reddy;60000;5
1011;Raghu;40000;6
1012;Srinivas;50000;4
1013;Reddy;60000;5
1014;Raghu;40000;6
1015;Srinivas;50000;4
1016;Reddy;60000;5
1009;Srinivas;50000;4
1010;Reddy;60000;5
1011;Raghu;40000;6
1012;Srinivas;50000;4
1013;Reddy;60000;5
1014;Raghu;40000;6
1015;Srinivas;50000;4
1016;Reddy;60000;5
1009;Srinivas;50000;4
1010;Reddy;60000;5
1011;Raghu;40000;6
1012;Srinivas;50000;4
1013;Reddy;60000;5
1014;Raghu;40000;6
1015;Srinivas;50000;4
1016;Reddy;60000;5
1009;Srinivas;50000;4
1010;Reddy;60000;5
1011;Raghu;40000;6
1012;Srinivas;50000;4
1013;Reddy;60000;5
1014;Raghu;40000;6
1015;Srinivas;50000;4
1016;Reddy;60000;5
1009;Srinivas;50000;4
1010;Reddy;60000;5
1011;Raghu;40000;6
1012;Srinivas;50000;4
1013;Reddy;60000;5
1014;Raghu;40000;6
1015;Srinivas;50000;4
1016;Reddy;60000;5
1009;Srinivas;50000;4
1010;Reddy;60000;5
1011;Raghu;40000;6
1012;Srinivas;50000;4
1013;Reddy;60000;5

1050;Atreyi;45000;4